latitude:35.89972
longitude:-115.164906